"('b@POST@/spreadb', 'us-west-1', 'c@POST@/spreadc')",b,c,b@POST@/spreadb,c@POST@/spreadc,us-west-1,us-west-1,294,294,1.0
"('b@POST@/spreadb', 'us-east-1', 'c@POST@/spreadc')",b,c,b@POST@/spreadb,c@POST@/spreadc,us-east-1,us-west-1,225,225,1.0
"('b@POST@/spreadb', 'us-west-1', 'c@POST@/spreadc')",b,c,b@POST@/spreadb,c@POST@/spreadc,us-west-1,us-west-1,226,226,1.0
"('b@POST@/spreadb', 'us-east-1', 'c@POST@/spreadc')",b,c,b@POST@/spreadb,c@POST@/spreadc,us-east-1,us-west-1,326,326,1.0
"('b@POST@/spreadb', 'us-west-1', 'c@POST@/spreadc')",b,c,b@POST@/spreadb,c@POST@/spreadc,us-west-1,us-west-1,327,327,1.0
"('b@POST@/spreadb', 'us-east-1', 'c@POST@/spreadc')",b,c,b@POST@/spreadb,c@POST@/spreadc,us-east-1,us-west-1,180,180,1.0
"('b@POST@/spreadb', 'us-west-1', 'c@POST@/spreadc')",b,c,b@POST@/spreadb,c@POST@/spreadc,us-west-1,us-west-1,198,198,1.0
"('b@POST@/spreadb', 'us-east-1', 'c@POST@/spreadc')",b,c,b@POST@/spreadb,c@POST@/spreadc,us-east-1,us-west-1,183,183,1.0
"('b@POST@/spreadb', 'us-west-1', 'c@POST@/spreadc')",b,c,b@POST@/spreadb,c@POST@/spreadc,us-west-1,us-west-1,209,209,1.0
"('b@POST@/spreadb', 'us-east-1', 'c@POST@/spreadc')",b,c,b@POST@/spreadb,c@POST@/spreadc,us-east-1,us-west-1,293,293,1.0
"('b@POST@/spreadb', 'us-west-1', 'c@POST@/spreadc')",b,c,b@POST@/spreadb,c@POST@/spreadc,us-west-1,us-west-1,293,293,1.0
"('b@POST@/spreadb', 'us-east-1', 'c@POST@/spreadc')",b,c,b@POST@/spreadb,c@POST@/spreadc,us-east-1,us-west-1,200,200,1.0
"('b@POST@/spreadb', 'us-west-1', 'c@POST@/spreadc')",b,c,b@POST@/spreadb,c@POST@/spreadc,us-west-1,us-west-1,201,201,1.0
"('b@POST@/spreadb', 'us-east-1', 'c@POST@/spreadc')",b,c,b@POST@/spreadb,c@POST@/spreadc,us-east-1,us-west-1,287,287,1.0
"('b@POST@/spreadb', 'us-west-1', 'c@POST@/spreadc')",b,c,b@POST@/spreadb,c@POST@/spreadc,us-west-1,us-west-1,288,288,1.0
"('b@POST@/spreadb', 'us-east-1', 'c@POST@/spreadc')",b,c,b@POST@/spreadb,c@POST@/spreadc,us-east-1,us-west-1,188,188,1.0
"('b@POST@/spreadb', 'us-west-1', 'c@POST@/spreadc')",b,c,b@POST@/spreadb,c@POST@/spreadc,us-west-1,us-west-1,199,199,1.0
"('b@POST@/spreadb', 'us-east-1', 'c@POST@/spreadc')",b,c,b@POST@/spreadb,c@POST@/spreadc,us-east-1,us-west-1,312,312,1.0
"('b@POST@/spreadb', 'us-west-1', 'c@POST@/spreadc')",b,c,b@POST@/spreadb,c@POST@/spreadc,us-west-1,us-west-1,313,313,1.0
"('b@POST@/spreadb', 'us-east-1', 'c@POST@/spreadc')",b,c,b@POST@/spreadb,c@POST@/spreadc,us-east-1,us-west-1,307,307,1.0
"('b@POST@/spreadb', 'us-west-1', 'c@POST@/spreadc')",b,c,b@POST@/spreadb,c@POST@/spreadc,us-west-1,us-west-1,308,308,1.0
"('b@POST@/spreadb', 'us-east-1', 'c@POST@/spreadc')",b,c,b@POST@/spreadb,c@POST@/spreadc,us-east-1,us-west-1,283,283,1.0
"('b@POST@/spreadb', 'us-west-1', 'c@POST@/spreadc')",b,c,b@POST@/spreadb,c@POST@/spreadc,us-west-1,us-west-1,283,283,1.0
"('b@POST@/spreadb', 'us-east-1', 'c@POST@/spreadc')",b,c,b@POST@/spreadb,c@POST@/spreadc,us-east-1,us-west-1,192,192,1.0
"('b@POST@/spreadb', 'us-west-1', 'c@POST@/spreadc')",b,c,b@POST@/spreadb,c@POST@/spreadc,us-west-1,us-west-1,213,213,1.0
"('b@POST@/spreadb', 'us-east-1', 'c@POST@/spreadc')",b,c,b@POST@/spreadb,c@POST@/spreadc,us-east-1,us-west-1,283,283,1.0
"('b@POST@/spreadb', 'us-west-1', 'c@POST@/spreadc')",b,c,b@POST@/spreadb,c@POST@/spreadc,us-west-1,us-west-1,283,283,1.0
"('b@POST@/spreadb', 'us-east-1', 'c@POST@/spreadc')",b,c,b@POST@/spreadb,c@POST@/spreadc,us-east-1,us-west-1,203,203,1.0
"('b@POST@/spreadb', 'us-west-1', 'c@POST@/spreadc')",b,c,b@POST@/spreadb,c@POST@/spreadc,us-west-1,us-west-1,204,204,1.0
"('b@POST@/spreadb', 'us-east-1', 'c@POST@/spreadc')",b,c,b@POST@/spreadb,c@POST@/spreadc,us-east-1,us-west-1,288,288,1.0
"('b@POST@/spreadb', 'us-west-1', 'c@POST@/spreadc')",b,c,b@POST@/spreadb,c@POST@/spreadc,us-west-1,us-west-1,288,288,1.0
"('b@POST@/spreadb', 'us-east-1', 'c@POST@/spreadc')",b,c,b@POST@/spreadb,c@POST@/spreadc,us-east-1,us-west-1,204,204,1.0
"('b@POST@/spreadb', 'us-west-1', 'c@POST@/spreadc')",b,c,b@POST@/spreadb,c@POST@/spreadc,us-west-1,us-west-1,205,205,1.0
"('b@POST@/spreadb', 'us-east-1', 'c@POST@/spreadc')",b,c,b@POST@/spreadb,c@POST@/spreadc,us-east-1,us-west-1,299,299,1.0
"('b@POST@/spreadb', 'us-west-1', 'c@POST@/spreadc')",b,c,b@POST@/spreadb,c@POST@/spreadc,us-west-1,us-west-1,300,300,1.0
"('b@POST@/spreadb', 'us-east-1', 'c@POST@/spreadc')",b,c,b@POST@/spreadb,c@POST@/spreadc,us-east-1,us-west-1,196,196,1.0
"('b@POST@/spreadb', 'us-west-1', 'c@POST@/spreadc')",b,c,b@POST@/spreadb,c@POST@/spreadc,us-west-1,us-west-1,222,222,1.0
"('b@POST@/spreadb', 'us-east-1', 'c@POST@/spreadc')",b,c,b@POST@/spreadb,c@POST@/spreadc,us-east-1,us-west-1,298,298,1.0
"('b@POST@/spreadb', 'us-west-1', 'c@POST@/spreadc')",b,c,b@POST@/spreadb,c@POST@/spreadc,us-west-1,us-west-1,299,299,1.0
"('b@POST@/spreadb', 'us-east-1', 'c@POST@/spreadc')",b,c,b@POST@/spreadb,c@POST@/spreadc,us-east-1,us-west-1,186,186,1.0
"('b@POST@/spreadb', 'us-west-1', 'c@POST@/spreadc')",b,c,b@POST@/spreadb,c@POST@/spreadc,us-west-1,us-west-1,208,208,1.0
"('b@POST@/spreadb', 'us-east-1', 'c@POST@/spreadc')",b,c,b@POST@/spreadb,c@POST@/spreadc,us-east-1,us-west-1,299,299,1.0
"('b@POST@/spreadb', 'us-west-1', 'c@POST@/spreadc')",b,c,b@POST@/spreadb,c@POST@/spreadc,us-west-1,us-west-1,299,299,1.0
"('b@POST@/spreadb', 'us-east-1', 'c@POST@/spreadc')",b,c,b@POST@/spreadb,c@POST@/spreadc,us-east-1,us-west-1,166,166,1.0
"('b@POST@/spreadb', 'us-west-1', 'c@POST@/spreadc')",b,c,b@POST@/spreadb,c@POST@/spreadc,us-west-1,us-west-1,202,202,1.0
"('b@POST@/spreadb', 'us-east-1', 'c@POST@/spreadc')",b,c,b@POST@/spreadb,c@POST@/spreadc,us-east-1,us-west-1,301,301,1.0
"('b@POST@/spreadb', 'us-west-1', 'c@POST@/spreadc')",b,c,b@POST@/spreadb,c@POST@/spreadc,us-west-1,us-west-1,302,302,1.0
"('b@POST@/spreadb', 'us-east-1', 'c@POST@/spreadc')",b,c,b@POST@/spreadb,c@POST@/spreadc,us-east-1,us-west-1,187,187,1.0
"('b@POST@/spreadb', 'us-west-1', 'c@POST@/spreadc')",b,c,b@POST@/spreadb,c@POST@/spreadc,us-west-1,us-west-1,208,208,1.0
"('b@POST@/spreadb', 'us-east-1', 'c@POST@/spreadc')",b,c,b@POST@/spreadb,c@POST@/spreadc,us-east-1,us-west-1,282,282,1.0
"('b@POST@/spreadb', 'us-west-1', 'c@POST@/spreadc')",b,c,b@POST@/spreadb,c@POST@/spreadc,us-west-1,us-west-1,282,282,1.0
"('b@POST@/spreadb', 'us-east-1', 'c@POST@/spreadc')",b,c,b@POST@/spreadb,c@POST@/spreadc,us-east-1,us-west-1,204,204,1.0
"('b@POST@/spreadb', 'us-west-1', 'c@POST@/spreadc')",b,c,b@POST@/spreadb,c@POST@/spreadc,us-west-1,us-west-1,205,205,1.0
"('b@POST@/spreadb', 'us-east-1', 'c@POST@/spreadc')",b,c,b@POST@/spreadb,c@POST@/spreadc,us-east-1,us-west-1,303,303,1.0
"('b@POST@/spreadb', 'us-west-1', 'c@POST@/spreadc')",b,c,b@POST@/spreadb,c@POST@/spreadc,us-west-1,us-west-1,303,303,1.0
"('b@POST@/spreadb', 'us-east-1', 'c@POST@/spreadc')",b,c,b@POST@/spreadb,c@POST@/spreadc,us-east-1,us-west-1,185,185,1.0
"('b@POST@/spreadb', 'us-west-1', 'c@POST@/spreadc')",b,c,b@POST@/spreadb,c@POST@/spreadc,us-west-1,us-west-1,193,193,1.0
"('b@POST@/spreadb', 'us-east-1', 'c@POST@/spreadc')",b,c,b@POST@/spreadb,c@POST@/spreadc,us-east-1,us-west-1,279,279,1.0
"('b@POST@/spreadb', 'us-west-1', 'c@POST@/spreadc')",b,c,b@POST@/spreadb,c@POST@/spreadc,us-west-1,us-west-1,280,280,1.0
"('b@POST@/spreadb', 'us-east-1', 'c@POST@/spreadc')",b,c,b@POST@/spreadb,c@POST@/spreadc,us-east-1,us-west-1,206,206,1.0
"('b@POST@/spreadb', 'us-west-1', 'c@POST@/spreadc')",b,c,b@POST@/spreadb,c@POST@/spreadc,us-west-1,us-west-1,206,206,1.0
"('b@POST@/spreadb', 'us-east-1', 'c@POST@/spreadc')",b,c,b@POST@/spreadb,c@POST@/spreadc,us-east-1,us-west-1,296,296,1.0
"('b@POST@/spreadb', 'us-west-1', 'c@POST@/spreadc')",b,c,b@POST@/spreadb,c@POST@/spreadc,us-west-1,us-west-1,297,297,1.0
"('b@POST@/spreadb', 'us-east-1', 'c@POST@/spreadc')",b,c,b@POST@/spreadb,c@POST@/spreadc,us-east-1,us-west-1,216,216,1.0
"('b@POST@/spreadb', 'us-west-1', 'c@POST@/spreadc')",b,c,b@POST@/spreadb,c@POST@/spreadc,us-west-1,us-west-1,217,217,1.0
"('b@POST@/spreadb', 'us-east-1', 'c@POST@/spreadc')",b,c,b@POST@/spreadb,c@POST@/spreadc,us-east-1,us-west-1,307,307,1.0
"('b@POST@/spreadb', 'us-west-1', 'c@POST@/spreadc')",b,c,b@POST@/spreadb,c@POST@/spreadc,us-west-1,us-west-1,308,308,1.0
"('b@POST@/spreadb', 'us-east-1', 'c@POST@/spreadc')",b,c,b@POST@/spreadb,c@POST@/spreadc,us-east-1,us-west-1,201,201,1.0
"('b@POST@/spreadb', 'us-west-1', 'c@POST@/spreadc')",b,c,b@POST@/spreadb,c@POST@/spreadc,us-west-1,us-west-1,202,202,1.0
"('b@POST@/spreadb', 'us-east-1', 'c@POST@/spreadc')",b,c,b@POST@/spreadb,c@POST@/spreadc,us-east-1,us-west-1,301,301,1.0
"('b@POST@/spreadb', 'us-west-1', 'c@POST@/spreadc')",b,c,b@POST@/spreadb,c@POST@/spreadc,us-west-1,us-west-1,302,302,1.0
"('b@POST@/spreadb', 'us-east-1', 'c@POST@/spreadc')",b,c,b@POST@/spreadb,c@POST@/spreadc,us-east-1,us-west-1,184,184,1.0
"('b@POST@/spreadb', 'us-west-1', 'c@POST@/spreadc')",b,c,b@POST@/spreadb,c@POST@/spreadc,us-west-1,us-west-1,202,202,1.0
"('b@POST@/spreadb', 'us-east-1', 'c@POST@/spreadc')",b,c,b@POST@/spreadb,c@POST@/spreadc,us-east-1,us-west-1,283,283,1.0
"('b@POST@/spreadb', 'us-west-1', 'c@POST@/spreadc')",b,c,b@POST@/spreadb,c@POST@/spreadc,us-west-1,us-west-1,284,284,1.0
"('b@POST@/spreadb', 'us-east-1', 'c@POST@/spreadc')",b,c,b@POST@/spreadb,c@POST@/spreadc,us-east-1,us-west-1,191,191,1.0
"('b@POST@/spreadb', 'us-west-1', 'c@POST@/spreadc')",b,c,b@POST@/spreadb,c@POST@/spreadc,us-west-1,us-west-1,201,201,1.0
"('b@POST@/spreadb', 'us-east-1', 'c@POST@/spreadc')",b,c,b@POST@/spreadb,c@POST@/spreadc,us-east-1,us-west-1,282,282,1.0
"('b@POST@/spreadb', 'us-west-1', 'c@POST@/spreadc')",b,c,b@POST@/spreadb,c@POST@/spreadc,us-west-1,us-west-1,282,282,1.0
"('b@POST@/spreadb', 'us-east-1', 'c@POST@/spreadc')",b,c,b@POST@/spreadb,c@POST@/spreadc,us-east-1,us-west-1,195,195,1.0
"('b@POST@/spreadb', 'us-west-1', 'c@POST@/spreadc')",b,c,b@POST@/spreadb,c@POST@/spreadc,us-west-1,us-west-1,196,196,1.0
"('b@POST@/spreadb', 'us-east-1', 'c@POST@/spreadc')",b,c,b@POST@/spreadb,c@POST@/spreadc,us-east-1,us-west-1,282,282,1.0
"('b@POST@/spreadb', 'us-west-1', 'c@POST@/spreadc')",b,c,b@POST@/spreadb,c@POST@/spreadc,us-west-1,us-west-1,282,282,1.0
"('b@POST@/spreadb', 'us-east-1', 'c@POST@/spreadc')",b,c,b@POST@/spreadb,c@POST@/spreadc,us-east-1,us-west-1,199,199,1.0
"('b@POST@/spreadb', 'us-west-1', 'c@POST@/spreadc')",b,c,b@POST@/spreadb,c@POST@/spreadc,us-west-1,us-west-1,208,208,1.0
"('b@POST@/spreadb', 'us-east-1', 'c@POST@/spreadc')",b,c,b@POST@/spreadb,c@POST@/spreadc,us-east-1,us-west-1,290,290,1.0
"('b@POST@/spreadb', 'us-west-1', 'c@POST@/spreadc')",b,c,b@POST@/spreadb,c@POST@/spreadc,us-west-1,us-west-1,291,291,1.0
"('b@POST@/spreadb', 'us-east-1', 'c@POST@/spreadc')",b,c,b@POST@/spreadb,c@POST@/spreadc,us-east-1,us-west-1,189,189,1.0
"('b@POST@/spreadb', 'us-west-1', 'c@POST@/spreadc')",b,c,b@POST@/spreadb,c@POST@/spreadc,us-west-1,us-west-1,189,189,1.0
"('b@POST@/spreadb', 'us-east-1', 'c@POST@/spreadc')",b,c,b@POST@/spreadb,c@POST@/spreadc,us-east-1,us-west-1,276,276,1.0
"('b@POST@/spreadb', 'us-west-1', 'c@POST@/spreadc')",b,c,b@POST@/spreadb,c@POST@/spreadc,us-west-1,us-west-1,276,276,1.0
"('b@POST@/spreadb', 'us-east-1', 'c@POST@/spreadc')",b,c,b@POST@/spreadb,c@POST@/spreadc,us-east-1,us-west-1,196,196,1.0
"('b@POST@/spreadb', 'us-west-1', 'c@POST@/spreadc')",b,c,b@POST@/spreadb,c@POST@/spreadc,us-west-1,us-west-1,197,197,1.0
"('b@POST@/spreadb', 'us-east-1', 'c@POST@/spreadc')",b,c,b@POST@/spreadb,c@POST@/spreadc,us-east-1,us-west-1,279,279,1.0
"('b@POST@/spreadb', 'us-west-1', 'c@POST@/spreadc')",b,c,b@POST@/spreadb,c@POST@/spreadc,us-west-1,us-west-1,279,279,1.0
"('b@POST@/spreadb', 'us-east-1', 'c@POST@/spreadc')",b,c,b@POST@/spreadb,c@POST@/spreadc,us-east-1,us-west-1,194,194,1.0
"('b@POST@/spreadb', 'us-west-1', 'c@POST@/spreadc')",b,c,b@POST@/spreadb,c@POST@/spreadc,us-west-1,us-west-1,194,194,1.0
"('b@POST@/spreadb', 'us-east-1', 'c@POST@/spreadc')",b,c,b@POST@/spreadb,c@POST@/spreadc,us-east-1,us-west-1,274,274,1.0
"('b@POST@/spreadb', 'us-west-1', 'c@POST@/spreadc')",b,c,b@POST@/spreadb,c@POST@/spreadc,us-west-1,us-west-1,275,275,1.0
"('b@POST@/spreadb', 'us-east-1', 'c@POST@/spreadc')",b,c,b@POST@/spreadb,c@POST@/spreadc,us-east-1,us-west-1,189,189,1.0
"('b@POST@/spreadb', 'us-west-1', 'c@POST@/spreadc')",b,c,b@POST@/spreadb,c@POST@/spreadc,us-west-1,us-west-1,222,222,1.0
"('b@POST@/spreadb', 'us-east-1', 'c@POST@/spreadc')",b,c,b@POST@/spreadb,c@POST@/spreadc,us-east-1,us-west-1,314,314,1.0
"('b@POST@/spreadb', 'us-west-1', 'c@POST@/spreadc')",b,c,b@POST@/spreadb,c@POST@/spreadc,us-west-1,us-west-1,314,314,1.0
"('b@POST@/spreadb', 'us-east-1', 'c@POST@/spreadc')",b,c,b@POST@/spreadb,c@POST@/spreadc,us-east-1,us-west-1,216,216,1.0
"('b@POST@/spreadb', 'us-west-1', 'c@POST@/spreadc')",b,c,b@POST@/spreadb,c@POST@/spreadc,us-west-1,us-west-1,216,216,1.0
"('b@POST@/spreadb', 'us-east-1', 'c@POST@/spreadc')",b,c,b@POST@/spreadb,c@POST@/spreadc,us-east-1,us-west-1,316,316,1.0
"('b@POST@/spreadb', 'us-west-1', 'c@POST@/spreadc')",b,c,b@POST@/spreadb,c@POST@/spreadc,us-west-1,us-west-1,317,317,1.0
"('b@POST@/spreadb', 'us-east-1', 'c@POST@/spreadc')",b,c,b@POST@/spreadb,c@POST@/spreadc,us-east-1,us-west-1,313,313,1.0
"('b@POST@/spreadb', 'us-west-1', 'c@POST@/spreadc')",b,c,b@POST@/spreadb,c@POST@/spreadc,us-west-1,us-west-1,313,313,1.0
"('b@POST@/spreadb', 'us-east-1', 'c@POST@/spreadc')",b,c,b@POST@/spreadb,c@POST@/spreadc,us-east-1,us-west-1,301,301,1.0
"('b@POST@/spreadb', 'us-west-1', 'c@POST@/spreadc')",b,c,b@POST@/spreadb,c@POST@/spreadc,us-west-1,us-west-1,301,301,1.0
"('b@POST@/spreadb', 'us-east-1', 'c@POST@/spreadc')",b,c,b@POST@/spreadb,c@POST@/spreadc,us-east-1,us-west-1,294,294,1.0
"('b@POST@/spreadb', 'us-west-1', 'c@POST@/spreadc')",b,c,b@POST@/spreadb,c@POST@/spreadc,us-west-1,us-west-1,294,294,1.0
"('b@POST@/spreadb', 'us-east-1', 'c@POST@/spreadc')",b,c,b@POST@/spreadb,c@POST@/spreadc,us-east-1,us-west-1,296,296,1.0
"('b@POST@/spreadb', 'us-west-1', 'c@POST@/spreadc')",b,c,b@POST@/spreadb,c@POST@/spreadc,us-west-1,us-west-1,297,297,1.0
"('b@POST@/spreadb', 'us-east-1', 'c@POST@/spreadc')",b,c,b@POST@/spreadb,c@POST@/spreadc,us-east-1,us-west-1,113,113,1.0
"('b@POST@/spreadb', 'us-west-1', 'c@POST@/spreadc')",b,c,b@POST@/spreadb,c@POST@/spreadc,us-west-1,us-west-1,113,113,1.0
"('b@POST@/spreadb', 'us-east-1', 'c@POST@/spreadc')",b,c,b@POST@/spreadb,c@POST@/spreadc,us-east-1,us-west-1,96,96,1.0
"('b@POST@/spreadb', 'us-west-1', 'c@POST@/spreadc')",b,c,b@POST@/spreadb,c@POST@/spreadc,us-west-1,us-west-1,97,97,1.0
"('b@POST@/spreadb', 'us-east-1', 'c@POST@/spreadc')",b,c,b@POST@/spreadb,c@POST@/spreadc,us-east-1,us-west-1,96,96,1.0
"('b@POST@/spreadb', 'us-west-1', 'c@POST@/spreadc')",b,c,b@POST@/spreadb,c@POST@/spreadc,us-west-1,us-west-1,97,97,1.0
"('b@POST@/spreadb', 'us-east-1', 'c@POST@/spreadc')",b,c,b@POST@/spreadb,c@POST@/spreadc,us-east-1,us-west-1,96,96,1.0
